Columns: 80
Rows: 45
00000000000000000000000000000000000000000000000000000000000000000000000000000000
00000000000000000000020000000000000000000000000000000000000000000000000000000000
00000000000000000000020000000000000000000000000000000000000000000000000000000000
00000000000000020700720000000000000000000000000000000000000000000000000000000000
00000000000000022222220000000000000000000000000000000000020000000000000000000000
00000000000000000000000000000000000000000000000000000000020000000000000000000000
00000000000000000000000000000000022222222000000000000000027000000000000000000000
00000000000000000000000000000000000000072000000000000000022222222220000000000000
00000000000000000000000000000000000000002000000000000000000000000000000000000000
00000000000002000000000000000000000000002000000000000000000000000000000000000000
00000000000002000000000000000000000000002000000000000000000000000000000000000000
00000000000002000000000000000000000000002000000000000000000000000000000000000000
00000000000072000000000000000000000000002000000000000000000000000000000000000000
00000000022222000000000000000000000000000000000000000000000000000000000000000000
00000000000000000000000000000000000000000000000000000000000000000000000000000000
00000000000000222222000020000000000000000000000000000000000000000000000000000000
00000000000000000000000020000000000000000222222220000000000000000000000000000000
00000000000000000000000020000000000000000000000000000000000000000000000000000000
00000000000000000000000720000000000000000000000000000000000022222000000000000000
00000000000000000002222220000000000000000000000000000000000027000000000000000000
00000000000000000000000000000000000000000000000000000000000020000000000000000000
00000000000000000000000000000000000000000000000000000000000020000000000000000000
00000000000000000000000000000000000000000000000000000000000020000000000000000000
00000000000000000000000000000000000000000000222222000000000000000000000000000000
00000000000000000000000000000000000000000000270000000000000000000000000000000000
00000000000000000000000000000000000000000000200000000000000000000000000000000000
00000000000000000000000000000000000000000000200000000000000000000000000000000000
00000000000000000000002222222222200000000000000000000000000000000000000000000000
00000000000000000000000000007000000000000000000000000000000000000000000000000000
00000000000000000000000000000000000000000000222222220000000000000222222200000000
00000000000000000000000000000000000000000000000000000000000000000270000000000000
00000000000000000000000000000000000000000000000000000000000000000200000000000000
00000000000000000000000000000000000000000000000000000000000000000200000000000000
00000000000000000000000000000000000000000000000000000000000000000200000000000000
00000000000022222200000000000000000000000002222222000000000000000200000000000000
00000000000000007200000000000000000000000002700000000000000000000000000000000000
00000000000000000200000000000000000000000002000000000000200000000000000000000000
00000000000000000000000000000000000000000000000000000000270000000000000000000000
00000000000000000000000000000000000000000000000000000000200000000000000000000000
00000000000000000000000000000000000000000000000000000000200000000000000000000000
00000000000000000000000000000000000000000000000000000000000000000000000000000000
00000000000000000000000000000000000000000000000000000000000000000000000000000000
00000000000000000000000000000000000000000000000000000000000000000000000000000000
00000000000000000000000000000000000000000000000000000000000000000000000000000000
00000000000000000000000000000000000000000000000000000000000000000000000000000000